(1, 0.06781960)
(51, 0.09408569)
(101, 0.07762909)
(151, 0.08821106)
(201, 0.07948112)
(251, 0.07458878)
(301, 0.06336784)
(351, 0.04903030)
(401, 0.05905724)
(451, 0.05408287)
(501, 0.04914093)
(551, 0.04450798)
(601, 0.04943085)
(651, 0.04974174)
(701, 0.04807854)
(751, 0.05079842)
(801, 0.04252434)
(851, 0.04000473)
(901, 0.04716110)
(951, 0.04372597)
(1001, 0.04193687)
(1051, 0.04480743)
(1101, 0.04002953)
(1151, 0.04119492)
(1201, 0.03917694)
(1251, 0.04187012)
(1301, 0.03861618)
(1351, 0.04202271)
(1401, 0.04052925)
(1451, 0.03951836)
(1501, 0.03923035)
(1551, 0.03696632)
(1601, 0.03893852)
(1651, 0.03693390)
(1701, 0.04450035)
(1751, 0.03763771)
(1801, 0.04022789)
(1851, 0.03881836)
(1901, 0.03763008)
(1951, 0.04168701)
(2001, 0.04510498)
(2051, 0.03896904)
(2101, 0.04093742)
(2151, 0.03820419)
(2201, 0.04138947)
(2251, 0.03715897)
(2301, 0.03570175)
(2351, 0.03524208)
(2401, 0.03672218)
(2451, 0.04034615)
(2501, 0.03856087)
(2551, 0.03758430)
(2601, 0.03900719)
(2651, 0.03565216)
(2701, 0.04300499)
(2751, 0.03643036)
(2801, 0.03722000)
(2851, 0.03649521)
(2901, 0.03734779)
(2951, 0.03689003)
(3001, 0.03678894)
(3051, 0.03840065)
(3101, 0.03823090)
(3151, 0.03808594)
(3201, 0.03799820)
(3251, 0.03934860)
(3301, 0.04092789)
(3351, 0.03856277)
(3401, 0.03787613)
(3451, 0.03611374)
(3501, 0.03652954)
(3551, 0.03227615)
(3601, 0.03663826)
(3651, 0.03257751)
(3701, 0.03798485)
(3751, 0.03442955)
(3801, 0.03522301)
(3851, 0.04175186)
(3901, 0.03898811)
(3951, 0.03471756)
(4001, 0.03258324)
(4051, 0.03681564)
(4101, 0.04130363)
(4151, 0.04177666)
(4201, 0.03814125)
(4251, 0.03812218)
(4301, 0.03550720)
(4351, 0.03749084)
(4401, 0.03732491)
(4451, 0.03403473)
(4501, 0.03955841)
(4551, 0.03561020)
(4601, 0.03732872)
(4651, 0.03760338)
(4701, 0.03888893)
(4751, 0.03697586)
(4801, 0.03814888)
(4851, 0.04127693)
(4901, 0.03612328)
(4951, 0.03716087)
(5001, 0.03691483)
(5051, 0.03789330)
(5101, 0.03597260)
(5151, 0.03772163)
(5201, 0.03755951)
(5251, 0.03497887)
(5301, 0.04090309)
(5351, 0.04004860)
(5401, 0.03313255)
(5451, 0.03739166)
(5501, 0.03730011)
(5551, 0.03990173)
(5601, 0.03933907)
(5651, 0.03623581)
(5701, 0.03571701)
(5751, 0.03723717)
(5801, 0.03737259)
(5851, 0.03626633)
(5901, 0.03859138)
(5951, 0.03470230)
(6001, 0.03461838)
(6051, 0.03698540)
(6101, 0.04134560)
(6151, 0.04330254)
(6201, 0.03485489)
(6251, 0.03663445)
(6301, 0.03789330)
(6351, 0.04015350)
(6401, 0.03838158)
(6451, 0.04251480)
(6501, 0.03649712)
(6551, 0.03535271)
(6601, 0.03843498)
(6651, 0.04088211)
(6701, 0.04134369)
(6751, 0.03726959)
(6801, 0.03637886)
(6851, 0.03584480)
(6901, 0.04038620)
(6951, 0.04066467)
(7001, 0.03824615)
(7051, 0.03366280)
(7101, 0.03674507)
(7151, 0.03930283)
(7201, 0.03613472)
(7251, 0.03436279)
(7301, 0.04257393)
(7351, 0.03697395)
(7401, 0.03285408)
(7451, 0.03783989)
(7501, 0.03390694)
(7551, 0.03823853)
(7601, 0.04029465)
(7651, 0.03779793)
(7701, 0.04179001)
(7751, 0.03631020)
(7801, 0.04114342)
(7851, 0.03669167)
(7901, 0.03628731)
(7951, 0.03798103)
(8001, 0.03885269)
(8051, 0.03677368)
(8101, 0.03410721)
(8151, 0.03684998)
(8201, 0.03529739)
(8251, 0.03926086)
(8301, 0.03944588)
(8351, 0.03464127)
(8401, 0.04096031)
(8451, 0.03566933)
(8501, 0.03312874)
(8551, 0.03562355)
(8601, 0.03485489)
(8651, 0.03707695)
(8701, 0.04219437)
(8751, 0.04029083)
(8801, 0.03575325)
(8851, 0.03610611)
(8901, 0.03716660)
(8951, 0.03782654)
(9001, 0.03883743)
(9051, 0.03877831)
(9101, 0.02984047)
(9151, 0.03953743)
(9201, 0.03660393)
(9251, 0.03129768)
(9301, 0.03747749)
(9351, 0.04149055)
(9401, 0.03861618)
(9451, 0.03571701)
(9501, 0.03469086)
(9551, 0.03893280)
(9601, 0.03709412)
(9651, 0.03542709)
(9701, 0.03886604)
(9751, 0.03404808)
(9801, 0.03672600)
(9851, 0.03704834)
(9901, 0.03753090)
(9951, 0.03933716)
(10001, 0.03399849)
(10051, 0.03446388)
(10101, 0.03807831)
(10151, 0.03716660)
(10201, 0.03295898)
(10251, 0.03698730)
(10301, 0.03756332)
(10351, 0.03506851)
(10401, 0.03683662)
(10451, 0.03509140)
(10501, 0.03618622)
(10551, 0.03709602)
(10601, 0.03648949)
(10651, 0.03572273)
(10701, 0.03929329)
(10751, 0.03692055)
(10801, 0.03644943)
(10851, 0.03388214)
(10901, 0.03661537)
(10951, 0.04212379)
(11001, 0.03977776)
(11051, 0.03872681)
(11101, 0.03615952)
(11151, 0.04083061)
(11201, 0.03396988)
(11251, 0.03652000)
(11301, 0.03463364)
(11351, 0.03828812)
(11401, 0.03629684)
(11451, 0.03891373)
(11501, 0.03777313)
(11551, 0.03537941)
(11601, 0.03594398)
(11651, 0.04169655)
(11701, 0.03652954)
(11751, 0.03358650)
(11801, 0.03170395)
(11851, 0.03717613)
(11901, 0.03661919)
(11951, 0.03494835)
(12001, 0.03486252)
(12051, 0.04128075)
(12101, 0.03262711)
(12151, 0.03683853)
(12201, 0.03752708)
(12251, 0.03613663)
(12301, 0.03694916)
(12351, 0.03454208)
(12401, 0.03395271)
(12451, 0.03652954)
(12501, 0.03773880)
(12551, 0.03495216)
(12601, 0.03282356)
(12651, 0.03825569)
(12701, 0.03535652)
(12751, 0.03383064)
(12801, 0.03792000)
(12851, 0.03582191)
(12901, 0.03619003)
(12951, 0.03671074)
(13001, 0.03626442)
(13051, 0.03804588)
(13101, 0.03265953)
(13151, 0.03515625)
(13201, 0.03973961)
(13251, 0.03903198)
(13301, 0.03314018)
(13351, 0.03403854)
(13401, 0.03458595)
(13451, 0.03190994)
(13501, 0.03479004)
(13551, 0.04191208)
(13601, 0.03440094)
(13651, 0.03722191)
(13701, 0.03701210)
(13751, 0.03475189)
(13801, 0.03776741)
(13851, 0.03647995)
(13901, 0.03269196)
(13951, 0.03391266)
(14001, 0.03476143)
(14051, 0.03711510)
(14101, 0.03707123)
(14151, 0.03913689)
(14201, 0.03466034)
(14251, 0.03358650)
(14301, 0.03443718)
(14351, 0.03344917)
(14401, 0.03204155)
(14451, 0.03089905)
(14501, 0.03672028)
(14551, 0.03896332)
(14601, 0.03640556)
(14651, 0.03784752)
(14701, 0.03644753)
(14751, 0.03464508)
(14801, 0.04073715)
(14851, 0.03924751)
(14901, 0.03842735)
(14951, 0.03898048)
(15001, 0.03636932)
(15051, 0.03782654)
(15101, 0.03700829)
(15151, 0.03530121)
(15201, 0.03401947)
(15251, 0.03408051)
(15301, 0.03664589)
(15351, 0.03464317)
(15401, 0.03973961)
(15451, 0.03543663)
(15501, 0.03100777)
(15551, 0.03900909)
(15601, 0.03719330)
(15651, 0.03638649)
(15701, 0.03336143)
(15751, 0.03644562)
(15801, 0.03500366)
(15851, 0.03295708)
(15901, 0.03695107)
(15951, 0.03438377)
(16001, 0.03661156)
(16051, 0.03559303)
(16101, 0.03851891)
(16151, 0.03680229)
(16201, 0.03054047)
(16251, 0.03320312)
(16301, 0.03368568)
(16351, 0.03386497)
(16401, 0.03898239)
(16451, 0.03671074)
(16501, 0.03995323)
(16551, 0.03889465)
(16601, 0.03220177)
(16651, 0.03821564)
(16701, 0.03662109)
(16751, 0.03315353)
(16801, 0.03391647)
(16851, 0.03861046)
(16901, 0.03760147)
(16951, 0.03284264)
(17001, 0.04030418)
(17051, 0.03616714)
(17101, 0.03835297)
(17151, 0.03362656)
(17201, 0.03372574)
(17251, 0.03844261)
(17301, 0.03384399)
(17351, 0.03735352)
(17401, 0.04417419)
(17451, 0.03512383)
(17501, 0.04118347)
(17551, 0.03648567)
(17601, 0.03205681)
(17651, 0.03544044)
(17701, 0.03572655)
(17751, 0.03719521)
(17801, 0.03455544)
(17851, 0.03669739)
(17901, 0.03502846)
(17951, 0.03408051)
(18001, 0.03286934)
(18051, 0.03227425)
(18101, 0.03551865)
(18151, 0.03368950)
(18201, 0.03874207)
(18251, 0.03801155)
(18301, 0.03383636)
(18351, 0.03435707)
(18401, 0.03507042)
(18451, 0.03704071)
(18501, 0.03575134)
(18551, 0.03726196)
(18601, 0.03650284)
(18651, 0.04084587)
(18701, 0.04027939)
(18751, 0.03569412)
(18801, 0.03592873)
(18851, 0.03760147)
(18901, 0.03519440)
(18951, 0.03683090)
(19001, 0.03753662)
(19051, 0.03881454)
(19101, 0.03391266)
(19151, 0.03674698)
(19201, 0.03448677)
(19251, 0.03446198)
(19301, 0.03135109)
(19351, 0.03654861)
(19401, 0.03365135)
(19451, 0.03577042)
(19501, 0.03478813)
(19551, 0.03448296)
(19601, 0.03560638)
(19651, 0.03557014)
(19701, 0.03429031)
(19751, 0.03593063)
(19801, 0.03267288)
(19851, 0.03488922)
(19901, 0.03553009)
(19951, 0.03952789)
(20001, 0.03470993)
(20051, 0.03539467)
(20101, 0.03893280)
(20151, 0.03487778)
(20201, 0.03795433)
(20251, 0.03578377)
(20301, 0.03469467)
(20351, 0.03811836)
(20401, 0.04126930)
(20451, 0.03767395)
(20501, 0.03593826)
(20551, 0.03570366)
(20601, 0.03649902)
(20651, 0.03908348)
(20701, 0.03323555)
(20751, 0.03255844)
(20801, 0.03402138)
(20851, 0.03298759)
(20901, 0.03404999)
(20951, 0.04059792)
(21001, 0.03818130)
(21051, 0.03507805)
(21101, 0.03787613)
(21151, 0.03319359)
(21201, 0.03546333)
(21251, 0.03430939)
(21301, 0.03429031)
(21351, 0.03660583)
(21401, 0.03247643)
(21451, 0.03697395)
(21501, 0.03526688)
(21551, 0.03657341)
(21601, 0.03926659)
(21651, 0.03410149)
(21701, 0.03465080)
(21751, 0.03324127)
(21801, 0.03749847)
(21851, 0.04040146)
(21901, 0.03433800)
(21951, 0.03409195)
(22001, 0.03322792)
(22051, 0.03388977)
(22101, 0.03726959)
(22151, 0.03547859)
(22201, 0.03560638)
(22251, 0.03170013)
(22301, 0.03449249)
(22351, 0.03773880)
(22401, 0.03916740)
(22451, 0.03578186)
(22501, 0.03511238)
(22551, 0.03366089)
(22601, 0.03771019)
(22651, 0.03674126)
(22701, 0.03518677)
(22751, 0.03693390)
(22801, 0.03868294)
(22851, 0.03514862)
(22901, 0.03372002)
(22951, 0.03459930)
(23001, 0.03823090)
(23051, 0.03419113)
(23101, 0.03509140)
(23151, 0.03880310)
(23201, 0.03404999)
(23251, 0.03418922)
(23301, 0.03573990)
(23351, 0.03332329)
(23401, 0.03462601)
(23451, 0.03508377)
(23501, 0.03169632)
(23551, 0.03531265)
(23601, 0.03484917)
(23651, 0.03638649)
(23701, 0.03784370)
(23751, 0.03647995)
(23801, 0.03547287)
(23851, 0.03176689)
(23901, 0.03508186)
(23951, 0.03557587)
(24001, 0.03436852)
(24051, 0.03515434)
(24101, 0.03790855)
(24151, 0.03676987)
(24201, 0.03624725)
(24251, 0.03330994)
(24301, 0.03336334)
(24351, 0.03534698)
(24401, 0.03862000)
(24451, 0.04008102)
(24501, 0.03437805)
(24551, 0.03610420)
(24601, 0.03501892)
(24651, 0.03119278)
(24701, 0.03497887)
(24751, 0.03635216)
(24801, 0.04109573)
(24851, 0.03449440)
(24901, 0.03734970)
(24951, 0.03290939)
(25001, 0.03723145)
(25051, 0.03506851)
(25101, 0.03628540)
(25151, 0.03689194)
(25201, 0.03399849)
(25251, 0.03588676)
(25301, 0.03357315)
(25351, 0.03680801)
(25401, 0.03797531)
(25451, 0.03751183)
(25501, 0.03592682)
(25551, 0.03397560)
(25601, 0.03357887)
(25651, 0.03908539)
(25701, 0.03448868)
(25751, 0.03604126)
(25801, 0.03551865)
(25851, 0.03416824)
(25901, 0.03943634)
(25951, 0.03728676)
(26001, 0.03461266)
(26051, 0.03489685)
(26101, 0.03550911)
(26151, 0.04192543)
(26201, 0.03673935)
(26251, 0.03487778)
(26301, 0.03529549)
(26351, 0.03373337)
(26401, 0.03483009)
(26451, 0.03394318)
(26501, 0.03444290)
(26551, 0.03619003)
(26601, 0.03551865)
(26651, 0.03483200)
(26701, 0.03787422)
(26751, 0.03231621)
(26801, 0.03543854)
(26851, 0.03364563)
(26901, 0.03243256)
(26951, 0.03469276)
(27001, 0.03339386)
(27051, 0.03487396)
(27101, 0.03776360)
(27151, 0.03754997)
(27201, 0.03272629)
(27251, 0.03588295)
(27301, 0.03335762)
(27351, 0.03457451)
(27401, 0.03298378)
(27451, 0.03532600)
(27501, 0.03755188)
(27551, 0.03492355)
(27601, 0.03731728)
(27651, 0.03359222)
(27701, 0.03533936)
(27751, 0.03122902)
(27801, 0.03335381)
(27851, 0.03607559)
(27901, 0.03362465)
(27951, 0.03652954)
(28001, 0.03479576)
(28051, 0.03590775)
(28101, 0.03965378)
(28151, 0.03646469)
(28201, 0.03447723)
(28251, 0.03928185)
(28301, 0.03582001)
(28351, 0.03720093)
(28401, 0.03417397)
(28451, 0.03249550)
(28501, 0.03626633)
(28551, 0.03631592)
(28601, 0.03343964)
(28651, 0.03571510)
(28701, 0.03589439)
(28751, 0.03938293)
(28801, 0.03553009)
(28851, 0.03600693)
(28901, 0.03227997)
(28951, 0.03828812)
(29001, 0.03632927)
(29051, 0.03643227)
(29101, 0.03222656)
(29151, 0.03680611)
(29201, 0.03078842)
(29251, 0.03471375)
(29301, 0.03666878)
(29351, 0.03530312)
(29401, 0.03639221)
(29451, 0.03843880)
(29501, 0.03566551)
(29551, 0.03762436)
(29601, 0.03409958)
(29651, 0.03645706)
(29701, 0.03360176)
(29751, 0.03185081)
(29801, 0.03522110)
(29851, 0.03330803)
(29901, 0.03701591)
(29951, 0.03522491)
(30001, 0.03691864)
(30051, 0.03682899)
(30101, 0.03346252)
(30151, 0.03442192)
(30201, 0.03597260)
(30251, 0.03323936)
(30301, 0.03955841)
(30351, 0.03745270)
(30401, 0.03689766)
(30451, 0.03438187)
(30501, 0.03435135)
(30551, 0.03522873)
(30601, 0.03715897)
(30651, 0.03557205)
(30701, 0.03470612)
(30751, 0.03985977)
(30801, 0.03354836)
(30851, 0.03490448)
(30901, 0.03671455)
(30951, 0.03811646)
(31001, 0.03178024)
(31051, 0.04100227)
(31101, 0.03594398)
(31151, 0.03538895)
(31201, 0.03512192)
