1.750000 1.750000
-4.500000 8.000000

1.750000 1.750000
2.000000 2.000000

1.833333 4.833333
-4.500000 8.000000

2.500000 3.500000
1.833333 4.833333

1.833333 4.833333
7.321429 10.321429

2.000000 2.000000
2.500000 3.500000

4.750000 2.000000
2.000000 2.000000

2.500000 3.500000
5.764706 5.132353

5.500000 0.500000
4.750000 2.000000

4.750000 2.000000
5.875000 4.250000

5.764706 5.132353
7.321429 10.321429

5.875000 4.250000
5.764706 5.132353

7.321429 2.321429
5.875000 4.250000

5.500000 0.500000
7.321429 2.321429

1.750000 1.750000
-2.208880 -10.126640

5.500000 0.500000
5.500000 -12.834652

-4.500000 8.000000
-20.171705 19.194075

7.321429 10.321429
14.075792 26.531902

7.321429 2.321429
19.969519 -2.737808

